l.godzin:   l.miesiecy:   l.tygodni   l.48h   l.24h   l.kolejnych.godz.   l.pierw.godz.   cena: 
0      0      0      0      0      0      1      0.0 z³ 
1      0      0      0      0      1      1      2.0 z³ 
2      0      0      0      0      2      1      6.0 z³ 
3      0      0      0      0      3      1      10.0 z³ 
4      0      0      0      0      4      1      14.0 z³ 
5      0      0      0      0      5      1      18.0 z³ 
6      0      0      0      0      6      1      22.0 z³ 
7      0      0      0      0      7      1      26.0 z³ 
8      0      0      0      0      8      1      30.0 z³ 
9      0      0      0      0      9      1      34.0 z³ 
10      0      0      0      0      10      1      38.0 z³ 
11      0      0      0      0      11      1      42.0 z³ 
12      0      0      0      0      12      1      46.0 z³ 
13      0      0      0      0      13      1      50.0 z³ 
14      0      0      0      0      14      1      54.0 z³ 
15      0      0      0      0      15      1      58.0 z³ 
16      0      0      0      0      16      1      62.0 z³ 
17      0      0      0      0      17      1      66.0 z³ 
18      0      0      0      0      18      1      70.0 z³ 
19      0      0      0      0      19      1      74.0 z³ 
20      0      0      0      0      20      1      78.0 z³ 
21      0      0      0      0      21      1      82.0 z³ 
22      0      0      0      0      22      1      86.0 z³ 
23      0      0      0      0      23      1      90.0 z³ 
24      0      0      0      1      23      2      94.0 z³ 
25      0      0      0      1      24      2      102.0 z³ 
26      0      0      0      1      25      2      106.0 z³ 
27      0      0      0      1      26      2      110.0 z³ 
28      0      0      0      1      27      2      114.0 z³ 
29      0      0      0      1      28      2      118.0 z³ 
30      0      0      0      1      29      2      122.0 z³ 
31      0      0      0      1      30      2      126.0 z³ 
32      0      0      0      1      31      2      130.0 z³ 
33      0      0      0      1      32      2      134.0 z³ 
34      0      0      0      1      33      2      138.0 z³ 
35      0      0      0      1      34      2      142.0 z³ 
36      0      0      0      1      35      2      146.0 z³ 
37      0      0      0      1      36      2      150.0 z³ 
38      0      0      0      1      37      2      154.0 z³ 
39      0      0      0      1      38      2      158.0 z³ 
40      0      0      0      1      39      2      162.0 z³ 
41      0      0      0      1      40      2      166.0 z³ 
42      0      0      0      1      41      2      170.0 z³ 
43      0      0      0      1      42      2      174.0 z³ 
44      0      0      0      1      43      2      178.0 z³ 
45      0      0      0      1      44      2      182.0 z³ 
46      0      0      0      1      45      2      186.0 z³ 
47      0      0      0      1      46      2      190.0 z³ 
48      0      0      1      2      46      3      194.0 z³ 
49      0      0      1      2      47      3      252.0 z³ 
50      0      0      1      2      48      3      256.0 z³ 
51      0      0      1      2      49      3      260.0 z³ 
52      0      0      1      2      50      3      264.0 z³ 
53      0      0      1      2      51      3      268.0 z³ 
54      0      0      1      2      52      3      272.0 z³ 
55      0      0      1      2      53      3      276.0 z³ 
56      0      0      1      2      54      3      280.0 z³ 
57      0      0      1      2      55      3      284.0 z³ 
58      0      0      1      2      56      3      288.0 z³ 
59      0      0      1      2      57      3      292.0 z³ 
60      0      0      1      2      58      3      296.0 z³ 
61      0      0      1      2      59      3      300.0 z³ 
62      0      0      1      2      60      3      304.0 z³ 
63      0      0      1      2      61      3      308.0 z³ 
64      0      0      1      2      62      3      312.0 z³ 
65      0      0      1      2      63      3      316.0 z³ 
66      0      0      1      2      64      3      320.0 z³ 
67      0      0      1      2      65      3      324.0 z³ 
68      0      0      1      2      66      3      328.0 z³ 
69      0      0      1      2      67      3      332.0 z³ 
70      0      0      1      2      68      3      336.0 z³ 
71      0      0      1      2      69      3      340.0 z³ 
72      0      0      1      3      69      4      344.0 z³ 
73      0      0      1      3      70      4      352.0 z³ 
74      0      0      1      3      71      4      356.0 z³ 
75      0      0      1      3      72      4      360.0 z³ 
76      0      0      1      3      73      4      364.0 z³ 
77      0      0      1      3      74      4      368.0 z³ 
78      0      0      1      3      75      4      372.0 z³ 
79      0      0      1      3      76      4      376.0 z³ 
80      0      0      1      3      77      4      380.0 z³ 
81      0      0      1      3      78      4      384.0 z³ 
82      0      0      1      3      79      4      388.0 z³ 
83      0      0      1      3      80      4      392.0 z³ 
84      0      0      1      3      81      4      396.0 z³ 
85      0      0      1      3      82      4      400.0 z³ 
86      0      0      1      3      83      4      404.0 z³ 
87      0      0      1      3      84      4      408.0 z³ 
88      0      0      1      3      85      4      412.0 z³ 
89      0      0      1      3      86      4      416.0 z³ 
90      0      0      1      3      87      4      420.0 z³ 
91      0      0      1      3      88      4      424.0 z³ 
92      0      0      1      3      89      4      428.0 z³ 
93      0      0      1      3      90      4      432.0 z³ 
94      0      0      1      3      91      4      436.0 z³ 
95      0      0      1      3      92      4      440.0 z³ 
96      0      0      2      4      92      5      500.0 z³ 
97      0      0      2      4      93      5      502.0 z³ 
98      0      0      2      4      94      5      506.0 z³ 
99      0      0      2      4      95      5      510.0 z³ 
100      0      0      2      4      96      5      514.0 z³ 
101      0      0      2      4      97      5      518.0 z³ 
102      0      0      2      4      98      5      522.0 z³ 
103      0      0      2      4      99      5      526.0 z³ 
104      0      0      2      4      100      5      530.0 z³ 
105      0      0      2      4      101      5      534.0 z³ 
106      0      0      2      4      102      5      538.0 z³ 
107      0      0      2      4      103      5      542.0 z³ 
108      0      0      2      4      104      5      546.0 z³ 
109      0      0      2      4      105      5      550.0 z³ 
110      0      0      2      4      106      5      554.0 z³ 
111      0      0      2      4      107      5      558.0 z³ 
112      0      0      2      4      108      5      562.0 z³ 
113      0      0      2      4      109      5      566.0 z³ 
114      0      0      2      4      110      5      570.0 z³ 
115      0      0      2      4      111      5      574.0 z³ 
116      0      0      2      4      112      5      578.0 z³ 
117      0      0      2      4      113      5      582.0 z³ 
118      0      0      2      4      114      5      586.0 z³ 
119      0      0      2      4      115      5      590.0 z³ 
120      0      0      2      5      115      6      594.0 z³ 
121      0      0      2      5      116      6      602.0 z³ 
122      0      0      2      5      117      6      606.0 z³ 
123      0      0      2      5      118      6      610.0 z³ 
124      0      0      2      5      119      6      614.0 z³ 
125      0      0      2      5      120      6      618.0 z³ 
126      0      0      2      5      121      6      622.0 z³ 
127      0      0      2      5      122      6      626.0 z³ 
128      0      0      2      5      123      6      630.0 z³ 
129      0      0      2      5      124      6      634.0 z³ 
130      0      0      2      5      125      6      638.0 z³ 
131      0      0      2      5      126      6      642.0 z³ 
132      0      0      2      5      127      6      646.0 z³ 
133      0      0      2      5      128      6      650.0 z³ 
134      0      0      2      5      129      6      654.0 z³ 
135      0      0      2      5      130      6      658.0 z³ 
136      0      0      2      5      131      6      662.0 z³ 
137      0      0      2      5      132      6      666.0 z³ 
138      0      0      2      5      133      6      670.0 z³ 
139      0      0      2      5      134      6      674.0 z³ 
140      0      0      2      5      135      6      678.0 z³ 
141      0      0      2      5      136      6      682.0 z³ 
142      0      0      2      5      137      6      686.0 z³ 
143      0      0      2      5      138      6      690.0 z³ 
144      0      0      3      6      138      7      750.0 z³ 
145      0      0      3      6      139      7      752.0 z³ 
146      0      0      3      6      140      7      756.0 z³ 
147      0      0      3      6      141      7      760.0 z³ 
148      0      0      3      6      142      7      764.0 z³ 
149      0      0      3      6      143      7      768.0 z³ 
150      0      0      3      6      144      7      772.0 z³ 
151      0      0      3      6      145      7      776.0 z³ 
152      0      0      3      6      146      7      780.0 z³ 
153      0      0      3      6      147      7      784.0 z³ 
154      0      0      3      6      148      7      788.0 z³ 
155      0      0      3      6      149      7      792.0 z³ 
156      0      0      3      6      150      7      796.0 z³ 
157      0      0      3      6      151      7      800.0 z³ 
158      0      0      3      6      152      7      804.0 z³ 
159      0      0      3      6      153      7      808.0 z³ 
160      0      0      3      6      154      7      812.0 z³ 
161      0      0      3      6      155      7      816.0 z³ 
162      0      0      3      6      156      7      820.0 z³ 
163      0      0      3      6      157      7      824.0 z³ 
164      0      0      3      6      158      7      828.0 z³ 
165      0      0      3      6      159      7      832.0 z³ 
166      0      0      3      6      160      7      836.0 z³ 
167      0      0      3      6      161      7      840.0 z³ 
168      0      1      3      7      161      8      844.0 z³ 
169      0      1      3      7      162      8      1802.0 z³ 
170      0      1      3      7      163      8      1806.0 z³ 
171      0      1      3      7      164      8      1810.0 z³ 
172      0      1      3      7      165      8      1814.0 z³ 
173      0      1      3      7      166      8      1818.0 z³ 
174      0      1      3      7      167      8      1822.0 z³ 
175      0      1      3      7      168      8      1826.0 z³ 
176      0      1      3      7      169      8      1830.0 z³ 
177      0      1      3      7      170      8      1834.0 z³ 
178      0      1      3      7      171      8      1838.0 z³ 
179      0      1      3      7      172      8      1842.0 z³ 
180      0      1      3      7      173      8      1846.0 z³ 
181      0      1      3      7      174      8      1850.0 z³ 
182      0      1      3      7      175      8      1854.0 z³ 
183      0      1      3      7      176      8      1858.0 z³ 
184      0      1      3      7      177      8      1862.0 z³ 
185      0      1      3      7      178      8      1866.0 z³ 
186      0      1      3      7      179      8      1870.0 z³ 
187      0      1      3      7      180      8      1874.0 z³ 
188      0      1      3      7      181      8      1878.0 z³ 
189      0      1      3      7      182      8      1882.0 z³ 
190      0      1      3      7      183      8      1886.0 z³ 
191      0      1      3      7      184      8      1890.0 z³ 
192      0      1      4      8      184      9      1894.0 z³ 
193      0      1      4      8      185      9      1902.0 z³ 
194      0      1      4      8      186      9      1906.0 z³ 
195      0      1      4      8      187      9      1910.0 z³ 
196      0      1      4      8      188      9      1914.0 z³ 
197      0      1      4      8      189      9      1918.0 z³ 
198      0      1      4      8      190      9      1922.0 z³ 
199      0      1      4      8      191      9      1926.0 z³ 
200      0      1      4      8      192      9      1930.0 z³ 
201      0      1      4      8      193      9      1934.0 z³ 
202      0      1      4      8      194      9      1938.0 z³ 
203      0      1      4      8      195      9      1942.0 z³ 
204      0      1      4      8      196      9      1946.0 z³ 
205      0      1      4      8      197      9      1950.0 z³ 
206      0      1      4      8      198      9      1954.0 z³ 
207      0      1      4      8      199      9      1958.0 z³ 
208      0      1      4      8      200      9      1962.0 z³ 
209      0      1      4      8      201      9      1966.0 z³ 
210      0      1      4      8      202      9      1970.0 z³ 
211      0      1      4      8      203      9      1974.0 z³ 
212      0      1      4      8      204      9      1978.0 z³ 
213      0      1      4      8      205      9      1982.0 z³ 
214      0      1      4      8      206      9      1986.0 z³ 
215      0      1      4      8      207      9      1990.0 z³ 
216      0      1      4      9      207      10      1994.0 z³ 
217      0      1      4      9      208      10      2052.0 z³ 
218      0      1      4      9      209      10      2056.0 z³ 
219      0      1      4      9      210      10      2060.0 z³ 
220      0      1      4      9      211      10      2064.0 z³ 
221      0      1      4      9      212      10      2068.0 z³ 
222      0      1      4      9      213      10      2072.0 z³ 
223      0      1      4      9      214      10      2076.0 z³ 
224      0      1      4      9      215      10      2080.0 z³ 
225      0      1      4      9      216      10      2084.0 z³ 
226      0      1      4      9      217      10      2088.0 z³ 
227      0      1      4      9      218      10      2092.0 z³ 
228      0      1      4      9      219      10      2096.0 z³ 
229      0      1      4      9      220      10      2100.0 z³ 
230      0      1      4      9      221      10      2104.0 z³ 
231      0      1      4      9      222      10      2108.0 z³ 
232      0      1      4      9      223      10      2112.0 z³ 
233      0      1      4      9      224      10      2116.0 z³ 
234      0      1      4      9      225      10      2120.0 z³ 
235      0      1      4      9      226      10      2124.0 z³ 
236      0      1      4      9      227      10      2128.0 z³ 
237      0      1      4      9      228      10      2132.0 z³ 
238      0      1      4      9      229      10      2136.0 z³ 
239      0      1      4      9      230      10      2140.0 z³ 
240      0      1      5      10      230      11      2144.0 z³ 
241      0      1      5      10      231      11      2152.0 z³ 
242      0      1      5      10      232      11      2156.0 z³ 
243      0      1      5      10      233      11      2160.0 z³ 
244      0      1      5      10      234      11      2164.0 z³ 
245      0      1      5      10      235      11      2168.0 z³ 
246      0      1      5      10      236      11      2172.0 z³ 
247      0      1      5      10      237      11      2176.0 z³ 
248      0      1      5      10      238      11      2180.0 z³ 
249      0      1      5      10      239      11      2184.0 z³ 
250      0      1      5      10      240      11      2188.0 z³ 
251      0      1      5      10      241      11      2192.0 z³ 
252      0      1      5      10      242      11      2196.0 z³ 
253      0      1      5      10      243      11      2200.0 z³ 
254      0      1      5      10      244      11      2204.0 z³ 
255      0      1      5      10      245      11      2208.0 z³ 
256      0      1      5      10      246      11      2212.0 z³ 
257      0      1      5      10      247      11      2216.0 z³ 
258      0      1      5      10      248      11      2220.0 z³ 
259      0      1      5      10      249      11      2224.0 z³ 
260      0      1      5      10      250      11      2228.0 z³ 
261      0      1      5      10      251      11      2232.0 z³ 
262      0      1      5      10      252      11      2236.0 z³ 
263      0      1      5      10      253      11      2240.0 z³ 
264      0      1      5      11      253      12      2300.0 z³ 
265      0      1      5      11      254      12      2302.0 z³ 
266      0      1      5      11      255      12      2306.0 z³ 
267      0      1      5      11      256      12      2310.0 z³ 
268      0      1      5      11      257      12      2314.0 z³ 
269      0      1      5      11      258      12      2318.0 z³ 
270      0      1      5      11      259      12      2322.0 z³ 
271      0      1      5      11      260      12      2326.0 z³ 
272      0      1      5      11      261      12      2330.0 z³ 
273      0      1      5      11      262      12      2334.0 z³ 
274      0      1      5      11      263      12      2338.0 z³ 
275      0      1      5      11      264      12      2342.0 z³ 
276      0      1      5      11      265      12      2346.0 z³ 
277      0      1      5      11      266      12      2350.0 z³ 
278      0      1      5      11      267      12      2354.0 z³ 
279      0      1      5      11      268      12      2358.0 z³ 
280      0      1      5      11      269      12      2362.0 z³ 
281      0      1      5      11      270      12      2366.0 z³ 
282      0      1      5      11      271      12      2370.0 z³ 
283      0      1      5      11      272      12      2374.0 z³ 
284      0      1      5      11      273      12      2378.0 z³ 
285      0      1      5      11      274      12      2382.0 z³ 
286      0      1      5      11      275      12      2386.0 z³ 
287      0      1      5      11      276      12      2390.0 z³ 
288      0      1      6      12      276      13      2394.0 z³ 
289      0      1      6      12      277      13      2402.0 z³ 
290      0      1      6      12      278      13      2406.0 z³ 
291      0      1      6      12      279      13      2410.0 z³ 
292      0      1      6      12      280      13      2414.0 z³ 
293      0      1      6      12      281      13      2418.0 z³ 
294      0      1      6      12      282      13      2422.0 z³ 
295      0      1      6      12      283      13      2426.0 z³ 
296      0      1      6      12      284      13      2430.0 z³ 
297      0      1      6      12      285      13      2434.0 z³ 
298      0      1      6      12      286      13      2438.0 z³ 
299      0      1      6      12      287      13      2442.0 z³ 
300      0      1      6      12      288      13      2446.0 z³ 
301      0      1      6      12      289      13      2450.0 z³ 
302      0      1      6      12      290      13      2454.0 z³ 
303      0      1      6      12      291      13      2458.0 z³ 
304      0      1      6      12      292      13      2462.0 z³ 
305      0      1      6      12      293      13      2466.0 z³ 
306      0      1      6      12      294      13      2470.0 z³ 
307      0      1      6      12      295      13      2474.0 z³ 
308      0      1      6      12      296      13      2478.0 z³ 
309      0      1      6      12      297      13      2482.0 z³ 
310      0      1      6      12      298      13      2486.0 z³ 
311      0      1      6      12      299      13      2490.0 z³ 
312      0      1      6      13      299      14      2550.0 z³ 
313      0      1      6      13      300      14      2552.0 z³ 
314      0      1      6      13      301      14      2556.0 z³ 
315      0      1      6      13      302      14      2560.0 z³ 
316      0      1      6      13      303      14      2564.0 z³ 
317      0      1      6      13      304      14      2568.0 z³ 
318      0      1      6      13      305      14      2572.0 z³ 
319      0      1      6      13      306      14      2576.0 z³ 
320      0      1      6      13      307      14      2580.0 z³ 
321      0      1      6      13      308      14      2584.0 z³ 
322      0      1      6      13      309      14      2588.0 z³ 
323      0      1      6      13      310      14      2592.0 z³ 
324      0      1      6      13      311      14      2596.0 z³ 
325      0      1      6      13      312      14      2600.0 z³ 
326      0      1      6      13      313      14      2604.0 z³ 
327      0      1      6      13      314      14      2608.0 z³ 
328      0      1      6      13      315      14      2612.0 z³ 
329      0      1      6      13      316      14      2616.0 z³ 
330      0      1      6      13      317      14      2620.0 z³ 
331      0      1      6      13      318      14      2624.0 z³ 
332      0      1      6      13      319      14      2628.0 z³ 
333      0      1      6      13      320      14      2632.0 z³ 
334      0      1      6      13      321      14      2636.0 z³ 
335      0      1      6      13      322      14      2640.0 z³ 
336      0      2      7      14      322      15      3600.0 z³ 
337      0      2      7      14      323      15      3602.0 z³ 
338      0      2      7      14      324      15      3606.0 z³ 
339      0      2      7      14      325      15      3610.0 z³ 
340      0      2      7      14      326      15      3614.0 z³ 
341      0      2      7      14      327      15      3618.0 z³ 
342      0      2      7      14      328      15      3622.0 z³ 
343      0      2      7      14      329      15      3626.0 z³ 
344      0      2      7      14      330      15      3630.0 z³ 
345      0      2      7      14      331      15      3634.0 z³ 
346      0      2      7      14      332      15      3638.0 z³ 
347      0      2      7      14      333      15      3642.0 z³ 
348      0      2      7      14      334      15      3646.0 z³ 
349      0      2      7      14      335      15      3650.0 z³ 
350      0      2      7      14      336      15      3654.0 z³ 
351      0      2      7      14      337      15      3658.0 z³ 
352      0      2      7      14      338      15      3662.0 z³ 
353      0      2      7      14      339      15      3666.0 z³ 
354      0      2      7      14      340      15      3670.0 z³ 
355      0      2      7      14      341      15      3674.0 z³ 
356      0      2      7      14      342      15      3678.0 z³ 
357      0      2      7      14      343      15      3682.0 z³ 
358      0      2      7      14      344      15      3686.0 z³ 
359      0      2      7      14      345      15      3690.0 z³ 
360      0      2      7      15      345      16      3694.0 z³ 
361      0      2      7      15      346      16      3702.0 z³ 
362      0      2      7      15      347      16      3706.0 z³ 
363      0      2      7      15      348      16      3710.0 z³ 
364      0      2      7      15      349      16      3714.0 z³ 
365      0      2      7      15      350      16      3718.0 z³ 
366      0      2      7      15      351      16      3722.0 z³ 
367      0      2      7      15      352      16      3726.0 z³ 
368      0      2      7      15      353      16      3730.0 z³ 
369      0      2      7      15      354      16      3734.0 z³ 
370      0      2      7      15      355      16      3738.0 z³ 
371      0      2      7      15      356      16      3742.0 z³ 
372      0      2      7      15      357      16      3746.0 z³ 
373      0      2      7      15      358      16      3750.0 z³ 
374      0      2      7      15      359      16      3754.0 z³ 
375      0      2      7      15      360      16      3758.0 z³ 
376      0      2      7      15      361      16      3762.0 z³ 
377      0      2      7      15      362      16      3766.0 z³ 
378      0      2      7      15      363      16      3770.0 z³ 
379      0      2      7      15      364      16      3774.0 z³ 
380      0      2      7      15      365      16      3778.0 z³ 
381      0      2      7      15      366      16      3782.0 z³ 
382      0      2      7      15      367      16      3786.0 z³ 
383      0      2      7      15      368      16      3790.0 z³ 
384      0      2      8      16      368      17      3794.0 z³ 
385      0      2      8      16      369      17      3852.0 z³ 
386      0      2      8      16      370      17      3856.0 z³ 
387      0      2      8      16      371      17      3860.0 z³ 
388      0      2      8      16      372      17      3864.0 z³ 
389      0      2      8      16      373      17      3868.0 z³ 
390      0      2      8      16      374      17      3872.0 z³ 
391      0      2      8      16      375      17      3876.0 z³ 
392      0      2      8      16      376      17      3880.0 z³ 
393      0      2      8      16      377      17      3884.0 z³ 
394      0      2      8      16      378      17      3888.0 z³ 
395      0      2      8      16      379      17      3892.0 z³ 
396      0      2      8      16      380      17      3896.0 z³ 
397      0      2      8      16      381      17      3900.0 z³ 
398      0      2      8      16      382      17      3904.0 z³ 
399      0      2      8      16      383      17      3908.0 z³ 
400      0      2      8      16      384      17      3912.0 z³ 
401      0      2      8      16      385      17      3916.0 z³ 
402      0      2      8      16      386      17      3920.0 z³ 
403      0      2      8      16      387      17      3924.0 z³ 
404      0      2      8      16      388      17      3928.0 z³ 
405      0      2      8      16      389      17      3932.0 z³ 
406      0      2      8      16      390      17      3936.0 z³ 
407      0      2      8      16      391      17      3940.0 z³ 
408      0      2      8      17      391      18      3944.0 z³ 
409      0      2      8      17      392      18      3952.0 z³ 
410      0      2      8      17      393      18      3956.0 z³ 
411      0      2      8      17      394      18      3960.0 z³ 
412      0      2      8      17      395      18      3964.0 z³ 
413      0      2      8      17      396      18      3968.0 z³ 
414      0      2      8      17      397      18      3972.0 z³ 
415      0      2      8      17      398      18      3976.0 z³ 
416      0      2      8      17      399      18      3980.0 z³ 
417      0      2      8      17      400      18      3984.0 z³ 
418      0      2      8      17      401      18      3988.0 z³ 
419      0      2      8      17      402      18      3992.0 z³ 
420      0      2      8      17      403      18      3996.0 z³ 
421      0      2      8      17      404      18      4000.0 z³ 
422      0      2      8      17      405      18      4004.0 z³ 
423      0      2      8      17      406      18      4008.0 z³ 
424      0      2      8      17      407      18      4012.0 z³ 
425      0      2      8      17      408      18      4016.0 z³ 
426      0      2      8      17      409      18      4020.0 z³ 
427      0      2      8      17      410      18      4024.0 z³ 
428      0      2      8      17      411      18      4028.0 z³ 
429      0      2      8      17      412      18      4032.0 z³ 
430      0      2      8      17      413      18      4036.0 z³ 
431      0      2      8      17      414      18      4040.0 z³ 
432      0      2      9      18      414      19      4100.0 z³ 
433      0      2      9      18      415      19      4102.0 z³ 
434      0      2      9      18      416      19      4106.0 z³ 
435      0      2      9      18      417      19      4110.0 z³ 
436      0      2      9      18      418      19      4114.0 z³ 
437      0      2      9      18      419      19      4118.0 z³ 
438      0      2      9      18      420      19      4122.0 z³ 
439      0      2      9      18      421      19      4126.0 z³ 
440      0      2      9      18      422      19      4130.0 z³ 
441      0      2      9      18      423      19      4134.0 z³ 
442      0      2      9      18      424      19      4138.0 z³ 
443      0      2      9      18      425      19      4142.0 z³ 
444      0      2      9      18      426      19      4146.0 z³ 
445      0      2      9      18      427      19      4150.0 z³ 
446      0      2      9      18      428      19      4154.0 z³ 
447      0      2      9      18      429      19      4158.0 z³ 
448      0      2      9      18      430      19      4162.0 z³ 
449      0      2      9      18      431      19      4166.0 z³ 
450      0      2      9      18      432      19      4170.0 z³ 
451      0      2      9      18      433      19      4174.0 z³ 
452      0      2      9      18      434      19      4178.0 z³ 
453      0      2      9      18      435      19      4182.0 z³ 
454      0      2      9      18      436      19      4186.0 z³ 
455      0      2      9      18      437      19      4190.0 z³ 
456      0      2      9      19      437      20      4194.0 z³ 
457      0      2      9      19      438      20      4202.0 z³ 
458      0      2      9      19      439      20      4206.0 z³ 
459      0      2      9      19      440      20      4210.0 z³ 
460      0      2      9      19      441      20      4214.0 z³ 
461      0      2      9      19      442      20      4218.0 z³ 
462      0      2      9      19      443      20      4222.0 z³ 
463      0      2      9      19      444      20      4226.0 z³ 
464      0      2      9      19      445      20      4230.0 z³ 
465      0      2      9      19      446      20      4234.0 z³ 
466      0      2      9      19      447      20      4238.0 z³ 
467      0      2      9      19      448      20      4242.0 z³ 
468      0      2      9      19      449      20      4246.0 z³ 
469      0      2      9      19      450      20      4250.0 z³ 
470      0      2      9      19      451      20      4254.0 z³ 
471      0      2      9      19      452      20      4258.0 z³ 
472      0      2      9      19      453      20      4262.0 z³ 
473      0      2      9      19      454      20      4266.0 z³ 
474      0      2      9      19      455      20      4270.0 z³ 
475      0      2      9      19      456      20      4274.0 z³ 
476      0      2      9      19      457      20      4278.0 z³ 
477      0      2      9      19      458      20      4282.0 z³ 
478      0      2      9      19      459      20      4286.0 z³ 
479      0      2      9      19      460      20      4290.0 z³ 
480      0      2      10      20      460      21      4350.0 z³ 
481      0      2      10      20      461      21      4352.0 z³ 
482      0      2      10      20      462      21      4356.0 z³ 
483      0      2      10      20      463      21      4360.0 z³ 
484      0      2      10      20      464      21      4364.0 z³ 
485      0      2      10      20      465      21      4368.0 z³ 
486      0      2      10      20      466      21      4372.0 z³ 
487      0      2      10      20      467      21      4376.0 z³ 
488      0      2      10      20      468      21      4380.0 z³ 
489      0      2      10      20      469      21      4384.0 z³ 
490      0      2      10      20      470      21      4388.0 z³ 
491      0      2      10      20      471      21      4392.0 z³ 
492      0      2      10      20      472      21      4396.0 z³ 
493      0      2      10      20      473      21      4400.0 z³ 
494      0      2      10      20      474      21      4404.0 z³ 
495      0      2      10      20      475      21      4408.0 z³ 
496      0      2      10      20      476      21      4412.0 z³ 
497      0      2      10      20      477      21      4416.0 z³ 
498      0      2      10      20      478      21      4420.0 z³ 
499      0      2      10      20      479      21      4424.0 z³ 
500      0      2      10      20      480      21      4428.0 z³ 
501      0      2      10      20      481      21      4432.0 z³ 
502      0      2      10      20      482      21      4436.0 z³ 
503      0      2      10      20      483      21      4440.0 z³ 
504      0      3      10      21      483      22      5400.0 z³ 
505      0      3      10      21      484      22      5402.0 z³ 
506      0      3      10      21      485      22      5406.0 z³ 
507      0      3      10      21      486      22      5410.0 z³ 
508      0      3      10      21      487      22      5414.0 z³ 
509      0      3      10      21      488      22      5418.0 z³ 
510      0      3      10      21      489      22      5422.0 z³ 
511      0      3      10      21      490      22      5426.0 z³ 
512      0      3      10      21      491      22      5430.0 z³ 
513      0      3      10      21      492      22      5434.0 z³ 
514      0      3      10      21      493      22      5438.0 z³ 
515      0      3      10      21      494      22      5442.0 z³ 
516      0      3      10      21      495      22      5446.0 z³ 
517      0      3      10      21      496      22      5450.0 z³ 
518      0      3      10      21      497      22      5454.0 z³ 
519      0      3      10      21      498      22      5458.0 z³ 
520      0      3      10      21      499      22      5462.0 z³ 
521      0      3      10      21      500      22      5466.0 z³ 
522      0      3      10      21      501      22      5470.0 z³ 
523      0      3      10      21      502      22      5474.0 z³ 
524      0      3      10      21      503      22      5478.0 z³ 
525      0      3      10      21      504      22      5482.0 z³ 
526      0      3      10      21      505      22      5486.0 z³ 
527      0      3      10      21      506      22      5490.0 z³ 
528      0      3      11      22      506      23      5494.0 z³ 
529      0      3      11      22      507      23      5502.0 z³ 
530      0      3      11      22      508      23      5506.0 z³ 
531      0      3      11      22      509      23      5510.0 z³ 
532      0      3      11      22      510      23      5514.0 z³ 
533      0      3      11      22      511      23      5518.0 z³ 
534      0      3      11      22      512      23      5522.0 z³ 
535      0      3      11      22      513      23      5526.0 z³ 
536      0      3      11      22      514      23      5530.0 z³ 
537      0      3      11      22      515      23      5534.0 z³ 
538      0      3      11      22      516      23      5538.0 z³ 
539      0      3      11      22      517      23      5542.0 z³ 
540      0      3      11      22      518      23      5546.0 z³ 
541      0      3      11      22      519      23      5550.0 z³ 
542      0      3      11      22      520      23      5554.0 z³ 
543      0      3      11      22      521      23      5558.0 z³ 
544      0      3      11      22      522      23      5562.0 z³ 
545      0      3      11      22      523      23      5566.0 z³ 
546      0      3      11      22      524      23      5570.0 z³ 
547      0      3      11      22      525      23      5574.0 z³ 
548      0      3      11      22      526      23      5578.0 z³ 
549      0      3      11      22      527      23      5582.0 z³ 
550      0      3      11      22      528      23      5586.0 z³ 
551      0      3      11      22      529      23      5590.0 z³ 
552      0      3      11      23      529      24      5594.0 z³ 
553      0      3      11      23      530      24      5652.0 z³ 
554      0      3      11      23      531      24      5656.0 z³ 
555      0      3      11      23      532      24      5660.0 z³ 
556      0      3      11      23      533      24      5664.0 z³ 
557      0      3      11      23      534      24      5668.0 z³ 
558      0      3      11      23      535      24      5672.0 z³ 
559      0      3      11      23      536      24      5676.0 z³ 
560      0      3      11      23      537      24      5680.0 z³ 
561      0      3      11      23      538      24      5684.0 z³ 
562      0      3      11      23      539      24      5688.0 z³ 
563      0      3      11      23      540      24      5692.0 z³ 
564      0      3      11      23      541      24      5696.0 z³ 
565      0      3      11      23      542      24      5700.0 z³ 
566      0      3      11      23      543      24      5704.0 z³ 
567      0      3      11      23      544      24      5708.0 z³ 
568      0      3      11      23      545      24      5712.0 z³ 
569      0      3      11      23      546      24      5716.0 z³ 
570      0      3      11      23      547      24      5720.0 z³ 
571      0      3      11      23      548      24      5724.0 z³ 
572      0      3      11      23      549      24      5728.0 z³ 
573      0      3      11      23      550      24      5732.0 z³ 
574      0      3      11      23      551      24      5736.0 z³ 
575      0      3      11      23      552      24      5740.0 z³ 
576      0      3      12      24      552      25      5744.0 z³ 
577      0      3      12      24      553      25      5752.0 z³ 
578      0      3      12      24      554      25      5756.0 z³ 
579      0      3      12      24      555      25      5760.0 z³ 
580      0      3      12      24      556      25      5764.0 z³ 
581      0      3      12      24      557      25      5768.0 z³ 
582      0      3      12      24      558      25      5772.0 z³ 
583      0      3      12      24      559      25      5776.0 z³ 
584      0      3      12      24      560      25      5780.0 z³ 
585      0      3      12      24      561      25      5784.0 z³ 
586      0      3      12      24      562      25      5788.0 z³ 
587      0      3      12      24      563      25      5792.0 z³ 
588      0      3      12      24      564      25      5796.0 z³ 
589      0      3      12      24      565      25      5800.0 z³ 
590      0      3      12      24      566      25      5804.0 z³ 
591      0      3      12      24      567      25      5808.0 z³ 
592      0      3      12      24      568      25      5812.0 z³ 
593      0      3      12      24      569      25      5816.0 z³ 
594      0      3      12      24      570      25      5820.0 z³ 
595      0      3      12      24      571      25      5824.0 z³ 
596      0      3      12      24      572      25      5828.0 z³ 
597      0      3      12      24      573      25      5832.0 z³ 
598      0      3      12      24      574      25      5836.0 z³ 
599      0      3      12      24      575      25      5840.0 z³ 
600      0      3      12      25      575      26      5900.0 z³ 
601      0      3      12      25      576      26      5902.0 z³ 
602      0      3      12      25      577      26      5906.0 z³ 
603      0      3      12      25      578      26      5910.0 z³ 
604      0      3      12      25      579      26      5914.0 z³ 
605      0      3      12      25      580      26      5918.0 z³ 
606      0      3      12      25      581      26      5922.0 z³ 
607      0      3      12      25      582      26      5926.0 z³ 
608      0      3      12      25      583      26      5930.0 z³ 
609      0      3      12      25      584      26      5934.0 z³ 
610      0      3      12      25      585      26      5938.0 z³ 
611      0      3      12      25      586      26      5942.0 z³ 
612      0      3      12      25      587      26      5946.0 z³ 
613      0      3      12      25      588      26      5950.0 z³ 
614      0      3      12      25      589      26      5954.0 z³ 
615      0      3      12      25      590      26      5958.0 z³ 
616      0      3      12      25      591      26      5962.0 z³ 
617      0      3      12      25      592      26      5966.0 z³ 
618      0      3      12      25      593      26      5970.0 z³ 
619      0      3      12      25      594      26      5974.0 z³ 
620      0      3      12      25      595      26      5978.0 z³ 
621      0      3      12      25      596      26      5982.0 z³ 
622      0      3      12      25      597      26      5986.0 z³ 
623      0      3      12      25      598      26      5990.0 z³ 
624      0      3      13      26      598      27      5994.0 z³ 
625      0      3      13      26      599      27      6002.0 z³ 
626      0      3      13      26      600      27      6006.0 z³ 
627      0      3      13      26      601      27      6010.0 z³ 
628      0      3      13      26      602      27      6014.0 z³ 
629      0      3      13      26      603      27      6018.0 z³ 
630      0      3      13      26      604      27      6022.0 z³ 
631      0      3      13      26      605      27      6026.0 z³ 
632      0      3      13      26      606      27      6030.0 z³ 
633      0      3      13      26      607      27      6034.0 z³ 
634      0      3      13      26      608      27      6038.0 z³ 
635      0      3      13      26      609      27      6042.0 z³ 
636      0      3      13      26      610      27      6046.0 z³ 
637      0      3      13      26      611      27      6050.0 z³ 
638      0      3      13      26      612      27      6054.0 z³ 
639      0      3      13      26      613      27      6058.0 z³ 
640      0      3      13      26      614      27      6062.0 z³ 
641      0      3      13      26      615      27      6066.0 z³ 
642      0      3      13      26      616      27      6070.0 z³ 
643      0      3      13      26      617      27      6074.0 z³ 
644      0      3      13      26      618      27      6078.0 z³ 
645      0      3      13      26      619      27      6082.0 z³ 
646      0      3      13      26      620      27      6086.0 z³ 
647      0      3      13      26      621      27      6090.0 z³ 
648      0      3      13      27      621      28      6150.0 z³ 
649      0      3      13      27      622      28      6152.0 z³ 
650      0      3      13      27      623      28      6156.0 z³ 
651      0      3      13      27      624      28      6160.0 z³ 
652      0      3      13      27      625      28      6164.0 z³ 
653      0      3      13      27      626      28      6168.0 z³ 
654      0      3      13      27      627      28      6172.0 z³ 
655      0      3      13      27      628      28      6176.0 z³ 
656      0      3      13      27      629      28      6180.0 z³ 
657      0      3      13      27      630      28      6184.0 z³ 
658      0      3      13      27      631      28      6188.0 z³ 
659      0      3      13      27      632      28      6192.0 z³ 
660      0      3      13      27      633      28      6196.0 z³ 
661      0      3      13      27      634      28      6200.0 z³ 
662      0      3      13      27      635      28      6204.0 z³ 
663      0      3      13      27      636      28      6208.0 z³ 
664      0      3      13      27      637      28      6212.0 z³ 
665      0      3      13      27      638      28      6216.0 z³ 
666      0      3      13      27      639      28      6220.0 z³ 
667      0      3      13      27      640      28      6224.0 z³ 
668      0      3      13      27      641      28      6228.0 z³ 
669      0      3      13      27      642      28      6232.0 z³ 
670      0      3      13      27      643      28      6236.0 z³ 
671      0      3      13      27      644      28      6240.0 z³ 
672      1      4      14      28      644      29      7200.0 z³ 
673      1      4      14      28      645      29      7502.0 z³ 
674      1      4      14      28      646      29      7506.0 z³ 
675      1      4      14      28      647      29      7510.0 z³ 
676      1      4      14      28      648      29      7514.0 z³ 
677      1      4      14      28      649      29      7518.0 z³ 
678      1      4      14      28      650      29      7522.0 z³ 
679      1      4      14      28      651      29      7526.0 z³ 
680      1      4      14      28      652      29      7530.0 z³ 
681      1      4      14      28      653      29      7534.0 z³ 
682      1      4      14      28      654      29      7538.0 z³ 
683      1      4      14      28      655      29      7542.0 z³ 
684      1      4      14      28      656      29      7546.0 z³ 
685      1      4      14      28      657      29      7550.0 z³ 
686      1      4      14      28      658      29      7554.0 z³ 
687      1      4      14      28      659      29      7558.0 z³ 
688      1      4      14      28      660      29      7562.0 z³ 
689      1      4      14      28      661      29      7566.0 z³ 
690      1      4      14      28      662      29      7570.0 z³ 
691      1      4      14      28      663      29      7574.0 z³ 
692      1      4      14      28      664      29      7578.0 z³ 
693      1      4      14      28      665      29      7582.0 z³ 
694      1      4      14      28      666      29      7586.0 z³ 
695      1      4      14      28      667      29      7590.0 z³ 
696      1      4      14      29      667      30      7594.0 z³ 
697      1      4      14      29      668      30      7602.0 z³ 
698      1      4      14      29      669      30      7606.0 z³ 
699      1      4      14      29      670      30      7610.0 z³ 
700      1      4      14      29      671      30      7614.0 z³ 
701      1      4      14      29      672      30      7618.0 z³ 
702      1      4      14      29      673      30      7622.0 z³ 
703      1      4      14      29      674      30      7626.0 z³ 
704      1      4      14      29      675      30      7630.0 z³ 
705      1      4      14      29      676      30      7634.0 z³ 
706      1      4      14      29      677      30      7638.0 z³ 
707      1      4      14      29      678      30      7642.0 z³ 
708      1      4      14      29      679      30      7646.0 z³ 
709      1      4      14      29      680      30      7650.0 z³ 
710      1      4      14      29      681      30      7654.0 z³ 
711      1      4      14      29      682      30      7658.0 z³ 
712      1      4      14      29      683      30      7662.0 z³ 
713      1      4      14      29      684      30      7666.0 z³ 
714      1      4      14      29      685      30      7670.0 z³ 
715      1      4      14      29      686      30      7674.0 z³ 
716      1      4      14      29      687      30      7678.0 z³ 
717      1      4      14      29      688      30      7682.0 z³ 
718      1      4      14      29      689      30      7686.0 z³ 
719      1      4      14      29      690      30      7690.0 z³ 
720      1      4      15      30      690      31      7694.0 z³ 
721      1      4      15      30      691      31      7752.0 z³ 
722      1      4      15      30      692      31      7756.0 z³ 
723      1      4      15      30      693      31      7760.0 z³ 
724      1      4      15      30      694      31      7764.0 z³ 
725      1      4      15      30      695      31      7768.0 z³ 
726      1      4      15      30      696      31      7772.0 z³ 
727      1      4      15      30      697      31      7776.0 z³ 
728      1      4      15      30      698      31      7780.0 z³ 
729      1      4      15      30      699      31      7784.0 z³ 
730      1      4      15      30      700      31      7788.0 z³ 
731      1      4      15      30      701      31      7792.0 z³ 
732      1      4      15      30      702      31      7796.0 z³ 
733      1      4      15      30      703      31      7800.0 z³ 
734      1      4      15      30      704      31      7804.0 z³ 
735      1      4      15      30      705      31      7808.0 z³ 
736      1      4      15      30      706      31      7812.0 z³ 
737      1      4      15      30      707      31      7816.0 z³ 
738      1      4      15      30      708      31      7820.0 z³ 
739      1      4      15      30      709      31      7824.0 z³ 
740      1      4      15      30      710      31      7828.0 z³ 
741      1      4      15      30      711      31      7832.0 z³ 
742      1      4      15      30      712      31      7836.0 z³ 
743      1      4      15      30      713      31      7840.0 z³ 
744      1      4      15      31      713      32      7844.0 z³ 
745      1      4      15      31      714      32      7852.0 z³ 
746      1      4      15      31      715      32      7856.0 z³ 
747      1      4      15      31      716      32      7860.0 z³ 
748      1      4      15      31      717      32      7864.0 z³ 
749      1      4      15      31      718      32      7868.0 z³ 
750      1      4      15      31      719      32      7872.0 z³ 
751      1      4      15      31      720      32      7876.0 z³ 
752      1      4      15      31      721      32      7880.0 z³ 
753      1      4      15      31      722      32      7884.0 z³ 
754      1      4      15      31      723      32      7888.0 z³ 
755      1      4      15      31      724      32      7892.0 z³ 
756      1      4      15      31      725      32      7896.0 z³ 
757      1      4      15      31      726      32      7900.0 z³ 
758      1      4      15      31      727      32      7904.0 z³ 
759      1      4      15      31      728      32      7908.0 z³ 
760      1      4      15      31      729      32      7912.0 z³ 
761      1      4      15      31      730      32      7916.0 z³ 
762      1      4      15      31      731      32      7920.0 z³ 
763      1      4      15      31      732      32      7924.0 z³ 
764      1      4      15      31      733      32      7928.0 z³ 
765      1      4      15      31      734      32      7932.0 z³ 
766      1      4      15      31      735      32      7936.0 z³ 
767      1      4      15      31      736      32      7940.0 z³ 
768      1      4      16      32      736      33      8000.0 z³ 
769      1      4      16      32      737      33      8002.0 z³ 
770      1      4      16      32      738      33      8006.0 z³ 
771      1      4      16      32      739      33      8010.0 z³ 
772      1      4      16      32      740      33      8014.0 z³ 
773      1      4      16      32      741      33      8018.0 z³ 
774      1      4      16      32      742      33      8022.0 z³ 
775      1      4      16      32      743      33      8026.0 z³ 
776      1      4      16      32      744      33      8030.0 z³ 
777      1      4      16      32      745      33      8034.0 z³ 
778      1      4      16      32      746      33      8038.0 z³ 
779      1      4      16      32      747      33      8042.0 z³ 
780      1      4      16      32      748      33      8046.0 z³ 
781      1      4      16      32      749      33      8050.0 z³ 
782      1      4      16      32      750      33      8054.0 z³ 
783      1      4      16      32      751      33      8058.0 z³ 
784      1      4      16      32      752      33      8062.0 z³ 
785      1      4      16      32      753      33      8066.0 z³ 
786      1      4      16      32      754      33      8070.0 z³ 
787      1      4      16      32      755      33      8074.0 z³ 
788      1      4      16      32      756      33      8078.0 z³ 
789      1      4      16      32      757      33      8082.0 z³ 
790      1      4      16      32      758      33      8086.0 z³ 
791      1      4      16      32      759      33      8090.0 z³ 
792      1      4      16      33      759      34      8094.0 z³ 
793      1      4      16      33      760      34      8102.0 z³ 
794      1      4      16      33      761      34      8106.0 z³ 
795      1      4      16      33      762      34      8110.0 z³ 
796      1      4      16      33      763      34      8114.0 z³ 
797      1      4      16      33      764      34      8118.0 z³ 
798      1      4      16      33      765      34      8122.0 z³ 
799      1      4      16      33      766      34      8126.0 z³ 
800      1      4      16      33      767      34      8130.0 z³ 
801      1      4      16      33      768      34      8134.0 z³ 
802      1      4      16      33      769      34      8138.0 z³ 
803      1      4      16      33      770      34      8142.0 z³ 
804      1      4      16      33      771      34      8146.0 z³ 
805      1      4      16      33      772      34      8150.0 z³ 
806      1      4      16      33      773      34      8154.0 z³ 
807      1      4      16      33      774      34      8158.0 z³ 
808      1      4      16      33      775      34      8162.0 z³ 
809      1      4      16      33      776      34      8166.0 z³ 
810      1      4      16      33      777      34      8170.0 z³ 
811      1      4      16      33      778      34      8174.0 z³ 
812      1      4      16      33      779      34      8178.0 z³ 
813      1      4      16      33      780      34      8182.0 z³ 
814      1      4      16      33      781      34      8186.0 z³ 
815      1      4      16      33      782      34      8190.0 z³ 
816      1      4      17      34      782      35      8250.0 z³ 
817      1      4      17      34      783      35      8252.0 z³ 
818      1      4      17      34      784      35      8256.0 z³ 
819      1      4      17      34      785      35      8260.0 z³ 
820      1      4      17      34      786      35      8264.0 z³ 
821      1      4      17      34      787      35      8268.0 z³ 
822      1      4      17      34      788      35      8272.0 z³ 
823      1      4      17      34      789      35      8276.0 z³ 
824      1      4      17      34      790      35      8280.0 z³ 
825      1      4      17      34      791      35      8284.0 z³ 
826      1      4      17      34      792      35      8288.0 z³ 
827      1      4      17      34      793      35      8292.0 z³ 
828      1      4      17      34      794      35      8296.0 z³ 
829      1      4      17      34      795      35      8300.0 z³ 
830      1      4      17      34      796      35      8304.0 z³ 
831      1      4      17      34      797      35      8308.0 z³ 
832      1      4      17      34      798      35      8312.0 z³ 
833      1      4      17      34      799      35      8316.0 z³ 
834      1      4      17      34      800      35      8320.0 z³ 
835      1      4      17      34      801      35      8324.0 z³ 
836      1      4      17      34      802      35      8328.0 z³ 
837      1      4      17      34      803      35      8332.0 z³ 
838      1      4      17      34      804      35      8336.0 z³ 
839      1      4      17      34      805      35      8340.0 z³ 
840      1      5      17      35      805      36      8344.0 z³ 
841      1      5      17      35      806      36      9302.0 z³ 
842      1      5      17      35      807      36      9306.0 z³ 
843      1      5      17      35      808      36      9310.0 z³ 
844      1      5      17      35      809      36      9314.0 z³ 
845      1      5      17      35      810      36      9318.0 z³ 
846      1      5      17      35      811      36      9322.0 z³ 
847      1      5      17      35      812      36      9326.0 z³ 
848      1      5      17      35      813      36      9330.0 z³ 
849      1      5      17      35      814      36      9334.0 z³ 
850      1      5      17      35      815      36      9338.0 z³ 
851      1      5      17      35      816      36      9342.0 z³ 
852      1      5      17      35      817      36      9346.0 z³ 
853      1      5      17      35      818      36      9350.0 z³ 
854      1      5      17      35      819      36      9354.0 z³ 
855      1      5      17      35      820      36      9358.0 z³ 
856      1      5      17      35      821      36      9362.0 z³ 
857      1      5      17      35      822      36      9366.0 z³ 
858      1      5      17      35      823      36      9370.0 z³ 
859      1      5      17      35      824      36      9374.0 z³ 
860      1      5      17      35      825      36      9378.0 z³ 
861      1      5      17      35      826      36      9382.0 z³ 
862      1      5      17      35      827      36      9386.0 z³ 
863      1      5      17      35      828      36      9390.0 z³ 
864      1      5      18      36      828      37      9394.0 z³ 
865      1      5      18      36      829      37      9402.0 z³ 
866      1      5      18      36      830      37      9406.0 z³ 
867      1      5      18      36      831      37      9410.0 z³ 
868      1      5      18      36      832      37      9414.0 z³ 
869      1      5      18      36      833      37      9418.0 z³ 
870      1      5      18      36      834      37      9422.0 z³ 
871      1      5      18      36      835      37      9426.0 z³ 
872      1      5      18      36      836      37      9430.0 z³ 
873      1      5      18      36      837      37      9434.0 z³ 
874      1      5      18      36      838      37      9438.0 z³ 
875      1      5      18      36      839      37      9442.0 z³ 
876      1      5      18      36      840      37      9446.0 z³ 
877      1      5      18      36      841      37      9450.0 z³ 
878      1      5      18      36      842      37      9454.0 z³ 
879      1      5      18      36      843      37      9458.0 z³ 
880      1      5      18      36      844      37      9462.0 z³ 
881      1      5      18      36      845      37      9466.0 z³ 
882      1      5      18      36      846      37      9470.0 z³ 
883      1      5      18      36      847      37      9474.0 z³ 
884      1      5      18      36      848      37      9478.0 z³ 
885      1      5      18      36      849      37      9482.0 z³ 
886      1      5      18      36      850      37      9486.0 z³ 
887      1      5      18      36      851      37      9490.0 z³ 
888      1      5      18      37      851      38      9494.0 z³ 
889      1      5      18      37      852      38      9552.0 z³ 
890      1      5      18      37      853      38      9556.0 z³ 
891      1      5      18      37      854      38      9560.0 z³ 
892      1      5      18      37      855      38      9564.0 z³ 
893      1      5      18      37      856      38      9568.0 z³ 
894      1      5      18      37      857      38      9572.0 z³ 
895      1      5      18      37      858      38      9576.0 z³ 
896      1      5      18      37      859      38      9580.0 z³ 
897      1      5      18      37      860      38      9584.0 z³ 
898      1      5      18      37      861      38      9588.0 z³ 
899      1      5      18      37      862      38      9592.0 z³ 
900      1      5      18      37      863      38      9596.0 z³ 
901      1      5      18      37      864      38      9600.0 z³ 
902      1      5      18      37      865      38      9604.0 z³ 
903      1      5      18      37      866      38      9608.0 z³ 
904      1      5      18      37      867      38      9612.0 z³ 
905      1      5      18      37      868      38      9616.0 z³ 
906      1      5      18      37      869      38      9620.0 z³ 
907      1      5      18      37      870      38      9624.0 z³ 
908      1      5      18      37      871      38      9628.0 z³ 
909      1      5      18      37      872      38      9632.0 z³ 
910      1      5      18      37      873      38      9636.0 z³ 
911      1      5      18      37      874      38      9640.0 z³ 
912      1      5      19      38      874      39      9644.0 z³ 
913      1      5      19      38      875      39      9652.0 z³ 
914      1      5      19      38      876      39      9656.0 z³ 
915      1      5      19      38      877      39      9660.0 z³ 
916      1      5      19      38      878      39      9664.0 z³ 
917      1      5      19      38      879      39      9668.0 z³ 
918      1      5      19      38      880      39      9672.0 z³ 
919      1      5      19      38      881      39      9676.0 z³ 
920      1      5      19      38      882      39      9680.0 z³ 
921      1      5      19      38      883      39      9684.0 z³ 
922      1      5      19      38      884      39      9688.0 z³ 
923      1      5      19      38      885      39      9692.0 z³ 
924      1      5      19      38      886      39      9696.0 z³ 
925      1      5      19      38      887      39      9700.0 z³ 
926      1      5      19      38      888      39      9704.0 z³ 
927      1      5      19      38      889      39      9708.0 z³ 
928      1      5      19      38      890      39      9712.0 z³ 
929      1      5      19      38      891      39      9716.0 z³ 
930      1      5      19      38      892      39      9720.0 z³ 
931      1      5      19      38      893      39      9724.0 z³ 
932      1      5      19      38      894      39      9728.0 z³ 
933      1      5      19      38      895      39      9732.0 z³ 
934      1      5      19      38      896      39      9736.0 z³ 
935      1      5      19      38      897      39      9740.0 z³ 
936      1      5      19      39      897      40      9800.0 z³ 
937      1      5      19      39      898      40      9802.0 z³ 
938      1      5      19      39      899      40      9806.0 z³ 
939      1      5      19      39      900      40      9810.0 z³ 
940      1      5      19      39      901      40      9814.0 z³ 
941      1      5      19      39      902      40      9818.0 z³ 
942      1      5      19      39      903      40      9822.0 z³ 
943      1      5      19      39      904      40      9826.0 z³ 
944      1      5      19      39      905      40      9830.0 z³ 
945      1      5      19      39      906      40      9834.0 z³ 
946      1      5      19      39      907      40      9838.0 z³ 
947      1      5      19      39      908      40      9842.0 z³ 
948      1      5      19      39      909      40      9846.0 z³ 
949      1      5      19      39      910      40      9850.0 z³ 
950      1      5      19      39      911      40      9854.0 z³ 
951      1      5      19      39      912      40      9858.0 z³ 
952      1      5      19      39      913      40      9862.0 z³ 
953      1      5      19      39      914      40      9866.0 z³ 
954      1      5      19      39      915      40      9870.0 z³ 
955      1      5      19      39      916      40      9874.0 z³ 
956      1      5      19      39      917      40      9878.0 z³ 
957      1      5      19      39      918      40      9882.0 z³ 
958      1      5      19      39      919      40      9886.0 z³ 
959      1      5      19      39      920      40      9890.0 z³ 
960      1      5      20      40      920      41      9894.0 z³ 
961      1      5      20      40      921      41      9902.0 z³ 
962      1      5      20      40      922      41      9906.0 z³ 
963      1      5      20      40      923      41      9910.0 z³ 
964      1      5      20      40      924      41      9914.0 z³ 
965      1      5      20      40      925      41      9918.0 z³ 
966      1      5      20      40      926      41      9922.0 z³ 
967      1      5      20      40      927      41      9926.0 z³ 
968      1      5      20      40      928      41      9930.0 z³ 
969      1      5      20      40      929      41      9934.0 z³ 
970      1      5      20      40      930      41      9938.0 z³ 
971      1      5      20      40      931      41      9942.0 z³ 
972      1      5      20      40      932      41      9946.0 z³ 
973      1      5      20      40      933      41      9950.0 z³ 
974      1      5      20      40      934      41      9954.0 z³ 
975      1      5      20      40      935      41      9958.0 z³ 
976      1      5      20      40      936      41      9962.0 z³ 
977      1      5      20      40      937      41      9966.0 z³ 
978      1      5      20      40      938      41      9970.0 z³ 
979      1      5      20      40      939      41      9974.0 z³ 
980      1      5      20      40      940      41      9978.0 z³ 
981      1      5      20      40      941      41      9982.0 z³ 
982      1      5      20      40      942      41      9986.0 z³ 
983      1      5      20      40      943      41      9990.0 z³ 
984      1      5      20      41      943      42      10050.0 z³ 
985      1      5      20      41      944      42      10052.0 z³ 
986      1      5      20      41      945      42      10056.0 z³ 
987      1      5      20      41      946      42      10060.0 z³ 
988      1      5      20      41      947      42      10064.0 z³ 
989      1      5      20      41      948      42      10068.0 z³ 
990      1      5      20      41      949      42      10072.0 z³ 
991      1      5      20      41      950      42      10076.0 z³ 
992      1      5      20      41      951      42      10080.0 z³ 
993      1      5      20      41      952      42      10084.0 z³ 
994      1      5      20      41      953      42      10088.0 z³ 
995      1      5      20      41      954      42      10092.0 z³ 
996      1      5      20      41      955      42      10096.0 z³ 
997      1      5      20      41      956      42      10100.0 z³ 
998      1      5      20      41      957      42      10104.0 z³ 
999      1      5      20      41      958      42      10108.0 z³ 
1000      1      5      20      41      959      42      10112.0 z³ 
1001      1      5      20      41      960      42      10116.0 z³ 
1002      1      5      20      41      961      42      10120.0 z³ 
1003      1      5      20      41      962      42      10124.0 z³ 
1004      1      5      20      41      963      42      10128.0 z³ 
1005      1      5      20      41      964      42      10132.0 z³ 
1006      1      5      20      41      965      42      10136.0 z³ 
1007      1      5      20      41      966      42      10140.0 z³ 
1008      1      6      21      42      966      43      11100.0 z³ 
1009      1      6      21      42      967      43      11102.0 z³ 
1010      1      6      21      42      968      43      11106.0 z³ 
1011      1      6      21      42      969      43      11110.0 z³ 
1012      1      6      21      42      970      43      11114.0 z³ 
1013      1      6      21      42      971      43      11118.0 z³ 
1014      1      6      21      42      972      43      11122.0 z³ 
1015      1      6      21      42      973      43      11126.0 z³ 
1016      1      6      21      42      974      43      11130.0 z³ 
1017      1      6      21      42      975      43      11134.0 z³ 
1018      1      6      21      42      976      43      11138.0 z³ 
1019      1      6      21      42      977      43      11142.0 z³ 
1020      1      6      21      42      978      43      11146.0 z³ 
1021      1      6      21      42      979      43      11150.0 z³ 
1022      1      6      21      42      980      43      11154.0 z³ 
1023      1      6      21      42      981      43      11158.0 z³ 
1024      1      6      21      42      982      43      11162.0 z³ 
1025      1      6      21      42      983      43      11166.0 z³ 
1026      1      6      21      42      984      43      11170.0 z³ 
1027      1      6      21      42      985      43      11174.0 z³ 
1028      1      6      21      42      986      43      11178.0 z³ 
1029      1      6      21      42      987      43      11182.0 z³ 
1030      1      6      21      42      988      43      11186.0 z³ 
1031      1      6      21      42      989      43      11190.0 z³ 
1032      1      6      21      43      989      44      11194.0 z³ 
1033      1      6      21      43      990      44      11202.0 z³ 
1034      1      6      21      43      991      44      11206.0 z³ 
1035      1      6      21      43      992      44      11210.0 z³ 
1036      1      6      21      43      993      44      11214.0 z³ 
1037      1      6      21      43      994      44      11218.0 z³ 
1038      1      6      21      43      995      44      11222.0 z³ 
1039      1      6      21      43      996      44      11226.0 z³ 
1040      1      6      21      43      997      44      11230.0 z³ 
1041      1      6      21      43      998      44      11234.0 z³ 
1042      1      6      21      43      999      44      11238.0 z³ 
1043      1      6      21      43      1000      44      11242.0 z³ 
1044      1      6      21      43      1001      44      11246.0 z³ 
1045      1      6      21      43      1002      44      11250.0 z³ 
1046      1      6      21      43      1003      44      11254.0 z³ 
1047      1      6      21      43      1004      44      11258.0 z³ 
1048      1      6      21      43      1005      44      11262.0 z³ 
1049      1      6      21      43      1006      44      11266.0 z³ 
1050      1      6      21      43      1007      44      11270.0 z³ 
1051      1      6      21      43      1008      44      11274.0 z³ 
1052      1      6      21      43      1009      44      11278.0 z³ 
1053      1      6      21      43      1010      44      11282.0 z³ 
1054      1      6      21      43      1011      44      11286.0 z³ 
1055      1      6      21      43      1012      44      11290.0 z³ 
1056      1      6      22      44      1012      45      11294.0 z³ 
1057      1      6      22      44      1013      45      11352.0 z³ 
1058      1      6      22      44      1014      45      11356.0 z³ 
1059      1      6      22      44      1015      45      11360.0 z³ 
1060      1      6      22      44      1016      45      11364.0 z³ 
1061      1      6      22      44      1017      45      11368.0 z³ 
1062      1      6      22      44      1018      45      11372.0 z³ 
1063      1      6      22      44      1019      45      11376.0 z³ 
1064      1      6      22      44      1020      45      11380.0 z³ 
1065      1      6      22      44      1021      45      11384.0 z³ 
1066      1      6      22      44      1022      45      11388.0 z³ 
1067      1      6      22      44      1023      45      11392.0 z³ 
1068      1      6      22      44      1024      45      11396.0 z³ 
1069      1      6      22      44      1025      45      11400.0 z³ 
1070      1      6      22      44      1026      45      11404.0 z³ 
1071      1      6      22      44      1027      45      11408.0 z³ 
1072      1      6      22      44      1028      45      11412.0 z³ 
1073      1      6      22      44      1029      45      11416.0 z³ 
1074      1      6      22      44      1030      45      11420.0 z³ 
1075      1      6      22      44      1031      45      11424.0 z³ 
1076      1      6      22      44      1032      45      11428.0 z³ 
1077      1      6      22      44      1033      45      11432.0 z³ 
1078      1      6      22      44      1034      45      11436.0 z³ 
1079      1      6      22      44      1035      45      11440.0 z³ 
1080      1      6      22      45      1035      46      11444.0 z³ 
1081      1      6      22      45      1036      46      11452.0 z³ 
1082      1      6      22      45      1037      46      11456.0 z³ 
1083      1      6      22      45      1038      46      11460.0 z³ 
1084      1      6      22      45      1039      46      11464.0 z³ 
1085      1      6      22      45      1040      46      11468.0 z³ 
1086      1      6      22      45      1041      46      11472.0 z³ 
1087      1      6      22      45      1042      46      11476.0 z³ 
1088      1      6      22      45      1043      46      11480.0 z³ 
1089      1      6      22      45      1044      46      11484.0 z³ 
1090      1      6      22      45      1045      46      11488.0 z³ 
1091      1      6      22      45      1046      46      11492.0 z³ 
1092      1      6      22      45      1047      46      11496.0 z³ 
1093      1      6      22      45      1048      46      11500.0 z³ 
1094      1      6      22      45      1049      46      11504.0 z³ 
1095      1      6      22      45      1050      46      11508.0 z³ 
1096      1      6      22      45      1051      46      11512.0 z³ 
1097      1      6      22      45      1052      46      11516.0 z³ 
1098      1      6      22      45      1053      46      11520.0 z³ 
1099      1      6      22      45      1054      46      11524.0 z³ 
1100      1      6      22      45      1055      46      11528.0 z³ 
1101      1      6      22      45      1056      46      11532.0 z³ 
1102      1      6      22      45      1057      46      11536.0 z³ 
1103      1      6      22      45      1058      46      11540.0 z³ 
1104      1      6      23      46      1058      47      11600.0 z³ 
1105      1      6      23      46      1059      47      11602.0 z³ 
1106      1      6      23      46      1060      47      11606.0 z³ 
1107      1      6      23      46      1061      47      11610.0 z³ 
1108      1      6      23      46      1062      47      11614.0 z³ 
1109      1      6      23      46      1063      47      11618.0 z³ 
1110      1      6      23      46      1064      47      11622.0 z³ 
1111      1      6      23      46      1065      47      11626.0 z³ 
1112      1      6      23      46      1066      47      11630.0 z³ 
1113      1      6      23      46      1067      47      11634.0 z³ 
1114      1      6      23      46      1068      47      11638.0 z³ 
1115      1      6      23      46      1069      47      11642.0 z³ 
1116      1      6      23      46      1070      47      11646.0 z³ 
1117      1      6      23      46      1071      47      11650.0 z³ 
1118      1      6      23      46      1072      47      11654.0 z³ 
1119      1      6      23      46      1073      47      11658.0 z³ 
1120      1      6      23      46      1074      47      11662.0 z³ 
1121      1      6      23      46      1075      47      11666.0 z³ 
1122      1      6      23      46      1076      47      11670.0 z³ 
1123      1      6      23      46      1077      47      11674.0 z³ 
1124      1      6      23      46      1078      47      11678.0 z³ 
1125      1      6      23      46      1079      47      11682.0 z³ 
1126      1      6      23      46      1080      47      11686.0 z³ 
1127      1      6      23      46      1081      47      11690.0 z³ 
1128      1      6      23      47      1081      48      11694.0 z³ 
1129      1      6      23      47      1082      48      11702.0 z³ 
1130      1      6      23      47      1083      48      11706.0 z³ 
1131      1      6      23      47      1084      48      11710.0 z³ 
1132      1      6      23      47      1085      48      11714.0 z³ 
1133      1      6      23      47      1086      48      11718.0 z³ 
1134      1      6      23      47      1087      48      11722.0 z³ 
1135      1      6      23      47      1088      48      11726.0 z³ 
1136      1      6      23      47      1089      48      11730.0 z³ 
1137      1      6      23      47      1090      48      11734.0 z³ 
1138      1      6      23      47      1091      48      11738.0 z³ 
1139      1      6      23      47      1092      48      11742.0 z³ 
1140      1      6      23      47      1093      48      11746.0 z³ 
1141      1      6      23      47      1094      48      11750.0 z³ 
1142      1      6      23      47      1095      48      11754.0 z³ 
1143      1      6      23      47      1096      48      11758.0 z³ 
1144      1      6      23      47      1097      48      11762.0 z³ 
1145      1      6      23      47      1098      48      11766.0 z³ 
1146      1      6      23      47      1099      48      11770.0 z³ 
1147      1      6      23      47      1100      48      11774.0 z³ 
1148      1      6      23      47      1101      48      11778.0 z³ 
1149      1      6      23      47      1102      48      11782.0 z³ 
1150      1      6      23      47      1103      48      11786.0 z³ 
1151      1      6      23      47      1104      48      11790.0 z³ 
1152      1      6      24      48      1104      49      11850.0 z³ 
1153      1      6      24      48      1105      49      11852.0 z³ 
1154      1      6      24      48      1106      49      11856.0 z³ 
1155      1      6      24      48      1107      49      11860.0 z³ 
1156      1      6      24      48      1108      49      11864.0 z³ 
1157      1      6      24      48      1109      49      11868.0 z³ 
1158      1      6      24      48      1110      49      11872.0 z³ 
1159      1      6      24      48      1111      49      11876.0 z³ 
1160      1      6      24      48      1112      49      11880.0 z³ 
1161      1      6      24      48      1113      49      11884.0 z³ 
1162      1      6      24      48      1114      49      11888.0 z³ 
1163      1      6      24      48      1115      49      11892.0 z³ 
1164      1      6      24      48      1116      49      11896.0 z³ 
1165      1      6      24      48      1117      49      11900.0 z³ 
1166      1      6      24      48      1118      49      11904.0 z³ 
1167      1      6      24      48      1119      49      11908.0 z³ 
1168      1      6      24      48      1120      49      11912.0 z³ 
1169      1      6      24      48      1121      49      11916.0 z³ 
1170      1      6      24      48      1122      49      11920.0 z³ 
1171      1      6      24      48      1123      49      11924.0 z³ 
1172      1      6      24      48      1124      49      11928.0 z³ 
1173      1      6      24      48      1125      49      11932.0 z³ 
1174      1      6      24      48      1126      49      11936.0 z³ 
1175      1      6      24      48      1127      49      11940.0 z³ 
1176      1      7      24      49      1127      50      12900.0 z³ 
1177      1      7      24      49      1128      50      12902.0 z³ 
1178      1      7      24      49      1129      50      12906.0 z³ 
1179      1      7      24      49      1130      50      12910.0 z³ 
1180      1      7      24      49      1131      50      12914.0 z³ 
1181      1      7      24      49      1132      50      12918.0 z³ 
1182      1      7      24      49      1133      50      12922.0 z³ 
1183      1      7      24      49      1134      50      12926.0 z³ 
1184      1      7      24      49      1135      50      12930.0 z³ 
1185      1      7      24      49      1136      50      12934.0 z³ 
1186      1      7      24      49      1137      50      12938.0 z³ 
1187      1      7      24      49      1138      50      12942.0 z³ 
1188      1      7      24      49      1139      50      12946.0 z³ 
1189      1      7      24      49      1140      50      12950.0 z³ 
1190      1      7      24      49      1141      50      12954.0 z³ 
1191      1      7      24      49      1142      50      12958.0 z³ 
1192      1      7      24      49      1143      50      12962.0 z³ 
1193      1      7      24      49      1144      50      12966.0 z³ 
1194      1      7      24      49      1145      50      12970.0 z³ 
1195      1      7      24      49      1146      50      12974.0 z³ 
1196      1      7      24      49      1147      50      12978.0 z³ 
1197      1      7      24      49      1148      50      12982.0 z³ 
1198      1      7      24      49      1149      50      12986.0 z³ 
1199      1      7      24      49      1150      50      12990.0 z³ 
1200      1      7      25      50      1150      51      12994.0 z³ 
1201      1      7      25      50      1151      51      13002.0 z³ 
1202      1      7      25      50      1152      51      13006.0 z³ 
1203      1      7      25      50      1153      51      13010.0 z³ 
1204      1      7      25      50      1154      51      13014.0 z³ 
1205      1      7      25      50      1155      51      13018.0 z³ 
1206      1      7      25      50      1156      51      13022.0 z³ 
1207      1      7      25      50      1157      51      13026.0 z³ 
1208      1      7      25      50      1158      51      13030.0 z³ 
1209      1      7      25      50      1159      51      13034.0 z³ 
1210      1      7      25      50      1160      51      13038.0 z³ 
1211      1      7      25      50      1161      51      13042.0 z³ 
1212      1      7      25      50      1162      51      13046.0 z³ 
1213      1      7      25      50      1163      51      13050.0 z³ 
1214      1      7      25      50      1164      51      13054.0 z³ 
1215      1      7      25      50      1165      51      13058.0 z³ 
1216      1      7      25      50      1166      51      13062.0 z³ 
1217      1      7      25      50      1167      51      13066.0 z³ 
1218      1      7      25      50      1168      51      13070.0 z³ 
1219      1      7      25      50      1169      51      13074.0 z³ 
1220      1      7      25      50      1170      51      13078.0 z³ 
1221      1      7      25      50      1171      51      13082.0 z³ 
1222      1      7      25      50      1172      51      13086.0 z³ 
1223      1      7      25      50      1173      51      13090.0 z³ 
1224      1      7      25      51      1173      52      13094.0 z³ 
1225      1      7      25      51      1174      52      13152.0 z³ 
1226      1      7      25      51      1175      52      13156.0 z³ 
1227      1      7      25      51      1176      52      13160.0 z³ 
1228      1      7      25      51      1177      52      13164.0 z³ 
1229      1      7      25      51      1178      52      13168.0 z³ 
1230      1      7      25      51      1179      52      13172.0 z³ 
1231      1      7      25      51      1180      52      13176.0 z³ 
1232      1      7      25      51      1181      52      13180.0 z³ 
1233      1      7      25      51      1182      52      13184.0 z³ 
1234      1      7      25      51      1183      52      13188.0 z³ 
1235      1      7      25      51      1184      52      13192.0 z³ 
1236      1      7      25      51      1185      52      13196.0 z³ 
1237      1      7      25      51      1186      52      13200.0 z³ 
1238      1      7      25      51      1187      52      13204.0 z³ 
1239      1      7      25      51      1188      52      13208.0 z³ 
1240      1      7      25      51      1189      52      13212.0 z³ 
1241      1      7      25      51      1190      52      13216.0 z³ 
1242      1      7      25      51      1191      52      13220.0 z³ 
1243      1      7      25      51      1192      52      13224.0 z³ 
1244      1      7      25      51      1193      52      13228.0 z³ 
1245      1      7      25      51      1194      52      13232.0 z³ 
1246      1      7      25      51      1195      52      13236.0 z³ 
1247      1      7      25      51      1196      52      13240.0 z³ 
1248      1      7      26      52      1196      53      13244.0 z³ 
1249      1      7      26      52      1197      53      13252.0 z³ 
1250      1      7      26      52      1198      53      13256.0 z³ 
1251      1      7      26      52      1199      53      13260.0 z³ 
1252      1      7      26      52      1200      53      13264.0 z³ 
1253      1      7      26      52      1201      53      13268.0 z³ 
1254      1      7      26      52      1202      53      13272.0 z³ 
1255      1      7      26      52      1203      53      13276.0 z³ 
1256      1      7      26      52      1204      53      13280.0 z³ 
1257      1      7      26      52      1205      53      13284.0 z³ 
1258      1      7      26      52      1206      53      13288.0 z³ 
1259      1      7      26      52      1207      53      13292.0 z³ 
1260      1      7      26      52      1208      53      13296.0 z³ 
1261      1      7      26      52      1209      53      13300.0 z³ 
1262      1      7      26      52      1210      53      13304.0 z³ 
1263      1      7      26      52      1211      53      13308.0 z³ 
1264      1      7      26      52      1212      53      13312.0 z³ 
1265      1      7      26      52      1213      53      13316.0 z³ 
1266      1      7      26      52      1214      53      13320.0 z³ 
1267      1      7      26      52      1215      53      13324.0 z³ 
1268      1      7      26      52      1216      53      13328.0 z³ 
1269      1      7      26      52      1217      53      13332.0 z³ 
1270      1      7      26      52      1218      53      13336.0 z³ 
1271      1      7      26      52      1219      53      13340.0 z³ 
1272      1      7      26      53      1219      54      13400.0 z³ 
1273      1      7      26      53      1220      54      13402.0 z³ 
1274      1      7      26      53      1221      54      13406.0 z³ 
1275      1      7      26      53      1222      54      13410.0 z³ 
1276      1      7      26      53      1223      54      13414.0 z³ 
1277      1      7      26      53      1224      54      13418.0 z³ 
1278      1      7      26      53      1225      54      13422.0 z³ 
1279      1      7      26      53      1226      54      13426.0 z³ 
1280      1      7      26      53      1227      54      13430.0 z³ 
1281      1      7      26      53      1228      54      13434.0 z³ 
1282      1      7      26      53      1229      54      13438.0 z³ 
1283      1      7      26      53      1230      54      13442.0 z³ 
1284      1      7      26      53      1231      54      13446.0 z³ 
1285      1      7      26      53      1232      54      13450.0 z³ 
1286      1      7      26      53      1233      54      13454.0 z³ 
1287      1      7      26      53      1234      54      13458.0 z³ 
1288      1      7      26      53      1235      54      13462.0 z³ 
1289      1      7      26      53      1236      54      13466.0 z³ 
1290      1      7      26      53      1237      54      13470.0 z³ 
1291      1      7      26      53      1238      54      13474.0 z³ 
1292      1      7      26      53      1239      54      13478.0 z³ 
1293      1      7      26      53      1240      54      13482.0 z³ 
1294      1      7      26      53      1241      54      13486.0 z³ 
1295      1      7      26      53      1242      54      13490.0 z³ 
1296      1      7      27      54      1242      55      13494.0 z³ 
1297      1      7      27      54      1243      55      13502.0 z³ 
1298      1      7      27      54      1244      55      13506.0 z³ 
1299      1      7      27      54      1245      55      13510.0 z³ 
1300      1      7      27      54      1246      55      13514.0 z³ 
1301      1      7      27      54      1247      55      13518.0 z³ 
1302      1      7      27      54      1248      55      13522.0 z³ 
1303      1      7      27      54      1249      55      13526.0 z³ 
1304      1      7      27      54      1250      55      13530.0 z³ 
1305      1      7      27      54      1251      55      13534.0 z³ 
1306      1      7      27      54      1252      55      13538.0 z³ 
1307      1      7      27      54      1253      55      13542.0 z³ 
1308      1      7      27      54      1254      55      13546.0 z³ 
1309      1      7      27      54      1255      55      13550.0 z³ 
1310      1      7      27      54      1256      55      13554.0 z³ 
1311      1      7      27      54      1257      55      13558.0 z³ 
1312      1      7      27      54      1258      55      13562.0 z³ 
1313      1      7      27      54      1259      55      13566.0 z³ 
1314      1      7      27      54      1260      55      13570.0 z³ 
1315      1      7      27      54      1261      55      13574.0 z³ 
1316      1      7      27      54      1262      55      13578.0 z³ 
1317      1      7      27      54      1263      55      13582.0 z³ 
1318      1      7      27      54      1264      55      13586.0 z³ 
1319      1      7      27      54      1265      55      13590.0 z³ 
1320      1      7      27      55      1265      56      13650.0 z³ 
1321      1      7      27      55      1266      56      13652.0 z³ 
1322      1      7      27      55      1267      56      13656.0 z³ 
1323      1      7      27      55      1268      56      13660.0 z³ 
1324      1      7      27      55      1269      56      13664.0 z³ 
1325      1      7      27      55      1270      56      13668.0 z³ 
1326      1      7      27      55      1271      56      13672.0 z³ 
1327      1      7      27      55      1272      56      13676.0 z³ 
1328      1      7      27      55      1273      56      13680.0 z³ 
1329      1      7      27      55      1274      56      13684.0 z³ 
1330      1      7      27      55      1275      56      13688.0 z³ 
1331      1      7      27      55      1276      56      13692.0 z³ 
1332      1      7      27      55      1277      56      13696.0 z³ 
1333      1      7      27      55      1278      56      13700.0 z³ 
1334      1      7      27      55      1279      56      13704.0 z³ 
1335      1      7      27      55      1280      56      13708.0 z³ 
1336      1      7      27      55      1281      56      13712.0 z³ 
1337      1      7      27      55      1282      56      13716.0 z³ 
1338      1      7      27      55      1283      56      13720.0 z³ 
1339      1      7      27      55      1284      56      13724.0 z³ 
1340      1      7      27      55      1285      56      13728.0 z³ 
1341      1      7      27      55      1286      56      13732.0 z³ 
1342      1      7      27      55      1287      56      13736.0 z³ 
1343      1      7      27      55      1288      56      13740.0 z³ 
1344      2      8      28      56      1288      57      15000.0 z³ 
